size (900,700);
noStroke ();
fill (230);
ellipse (700,100, 130,130);
fill (240);
ellipse (700,100, 120,120);
fill (255);
ellipse (700,100, 100,100);
fill (170);
rect (0,500,900,300);
triangle (250,253,400,546,50,546);
triangle (150,343,250,546,50,546);
triangle (50,300,150,546,-100,546);
fill (100);
ellipse (699,619,300,100);
rect (109,500,100,100);
fill (80);
triangle (156,480, 256,500,56,510);
rect (130,550,50,50);
ellipse (231,120, 100,40);
ellipse (241,143, 200,40);

ellipse (605,357, 100,40);
ellipse (615,377, 200,40);

ellipse (504,227, 100,40);
ellipse (514,237, 200,40);
